0,273
0,270
4,27
4,16
4,17
4,40
4,4
4,82
4,79
4,14
4,73
4,38
4,32
4,71
4,1
4,85
4,2
4,3
6,8
6,6
6,1
6,7
6,2
6,3
7,14
7,15
7,12
7,4
7,16
7,11
7,1
7,6
7,2
7,3
5,4
5,2
5,1
5,3
116,35
3,2
3,1
3,3
10,35
10,153
10,179
10,141
10,11
10,129
10,139
10,9
10,2
11,8
9,5
9,7
9,2
9,3
8,14
8,7
8,8
8,5
8,10
8,2
41,5
41,4
41,3
41,2
41,1
41,0
40,5
40,4
40,3
40,2
40,1
40,0
37,4
37,3
37,2
37,1
37,0
36,5
36,4
36,3
36,2
36,1
36,0
35,4
35,3
35,2
35,1
35,0
34,4
34,3
34,2
34,1
33,4
33,3
33,1
31,3
31,1
30,3
30,1
28,4
28,3
28,1
24,3
24,1
20,3
20,2
20,1
19,3
19,2
19,1
17,3
17,2
17,1
16,3
16,2
16,1
